0000000010000000
0000000101000100
0000000101000100
0000000100100100
0000000010000000
1111111111100000
0000000010100000
0000000111001000
0000000110101000
0000000100000100
0000000000000000
1111111101011100
1111111111100000
0000000000111100
0000000000011100
1111111110111100
1111111110011100
1111111110011100
0000000100100100
0000001000001100
0000000101000100
0000000101000100
0000000011100100
1111111111100000
0000000001100000
0000000011100100
0000000100100100
0000000010000000
1111111110011100
1111111110011100
0000000011000000
0000000100100100
0000001001001100
0000001000101100
0000000110101000
0000000110001000
0000001000001100
0000000100100100
0000000011000000
0000000010100000
0000000000011100
1111111111100000
0000000000011100
1111111111100000
0000000001100000
0000000011100100
0000000110101000
0000001010010000
0000000110001000
0000000010100000
0000000000011100
1111111101111100
1111111011111000
0000000000111100
0000000111001000
0000000110001000
0000000010100000
0000000010000000
0000000110001000
0000001001001100
0000001001001100
0000001001001100
0000001000001100
0000000101000100
0000000100100100
0000000011000000
0000000010100000
0000000010000000
0000000100100100
0000000010100000
0000000000111100
0000000000111100
0000000010100000
0000000111001000
0000000110101000
0000000100000100
0000000000011100
1111111110111100
1111111111100000
0000000000011100
1111111101111100
1111111010111000
1111111011111000
1111111110111100
0000000000011100
0000000101100100
0000000110001000
0000000011000000
0000000011000000
0000000100000100
0000000111001000
0000000110101000
0000000100100100
0000000011100100
0000000100100100
0000000100000100
0000000111001000
0000000110101000
0000000101100100
0000000111001000
0000000110001000
0000000010100000
0000000000111100
0000000000111100
0000000010000000
0000000100100100
0000000010100000
0000000001100000
0000000011100100
0000000100100100
0000000010100000
0000000000111100
0000000000111100
0000000010100000
0000000111001000
0000000101100100
0000000000011100
0000000000011100
0000000100000100
0000000010000000
0000000100100100
0000000011000000
0000000010000000
1111111110011100
1111111101011100
0000000001100000
0000000111101000
0000000100000100
0000000111001000
0000000110101000
0000000100100100
0000000100000100
0000000111001000
0000000110101000
0000000100100100
0000000011000000
0000000011000000
0000000100000100
0000000110001000
0000000011000000
0000000011000000
0000000011100100
0000000101000100
0000000100100100
0000000010100000
0000000010000000
0000000101000100
0000000011100100
1111111110111100
0000000000011100
0000000101000100
0000000110101000
0000001100010000
0000001111111000
0000001111111000
0000001001001100
0000000011000000
0000000100000100
0000000111001000
0000000111101000
0000001000001100
0000000100100100
0000000001100000
1111111100011000
1111111001110100
1111111000010000
1111111110011100
0000000011000000
0000000011000000
0000000011000000
0000000011000000
0000000100000100
0000000110101000
0000000011100100
1111111110111100
1111111111100000
0000000010000000
0000000101000100
0000000101000100
0000000011000000
1111111101111100
0000000010100000
0000000111001000
0000000111101000
0000001001001100
0000001001001100
0000000111101000
0000000001100000
1111111101011100
0000000001100000
0000001000101100
0000000111101000
0000001000001100
0000000100000100
0000000000011100
0000000000111100
0000001000101100
0000010001011100
0000100010011100
0000110100011100
0001000101011000
0001010110111000
0001100011010000
0001101010011100
0001110100110000
0001111111000000
0010001000110100
0010010001000100
0010011000110000
0010011111111100
0010101001010000
0010101110011000
0010110010000000
0010111001101100
0010111101010100
0010111011010000
0010111111011000
0011000100000000
0011001001001000
0011001010101100
0011001010001100
0011001010001100
0011001101010000
0011001000101000
0011000111100100
0011000011011100
0011000000111000
0011000100100000
0011001011001100
0011001101110000
0011010000010100
0011001101110000
0011001011001100
0011001101010000
0011001110110100
0011001111010100
0011010000111000
0011001111010100
0011001010101100
0011001010001100
0011001000101000
0011001001101000
0011001100110000
0011001011001100
0011000110100100
0011001000001000
0011001100001100
0011001011001100
0011001100110000
0011001100001100
0011001001001000
0011000100000000
0011000011011100
0011001000001000
0011001011001100
0011000111000100
0011001000001000
0011000101100000
0011000001011100
0010111111011000
0011000010111100
0011000101000000
0011000111000100
0011001000001000
0011000110000100
0011000011011100
0010111111011000
0010111011110000
0010111010001100
0010111001001100
0010110101000100
0010110000111100
0010101101111000
0010101110111000
0010110001011100
0010101111011000
0010101110111000
0010110010100000
0010110010100000
0010101101010100
0010101011110100
0010101011110100
0010101011010100
0010101001010000
0010101000001100
0010101011010100
0010101111011000
0010101101111000
0010101011110100
0010100100100100
0010100000100000
0010011101111000
0010011110111100
0010011101011000
0010011101111000
0010011111011100
0010011111011100
0010011111011100
0010011110011100
0010011011010100
0010011011111000
0010011101111000
0010011111011100
0010011101111000
0010010111110000
0010010011101000
0010010101001100
0010010101001100
0010010101001100
0010010110001100
0010011000110000
0010010111110000
0010011000110000
0010010111001100
0010010111001100
0010010110101100
0010010101101100
0010011000010000
0010011001110100
0010010101101100
0010010110001100
0010010001100100
0010001100011100
0010001011111000
0010001111000000
0010010000000000
0010010011101000
0010010101001100
0010010101001100
0010010100101000
0010010010100100
0010001111100000
0010001010011000
0010001000110100
0010001001010100
0010001011111000
0010001101111100
0010001010011000
0010000111110000
0010000100101100
0010000101001100
0010001000110100
0010001101111100
0010001011011000
0010001100111100
0010001100011100
0010001001010100
0010000011101100
0010000010001000
0010001001010100
0010010000000000
0010001100011100
0010001001010100
0010000100001100
0010000001101000
0001111111100100
0010000010101000
0010000011001000
0010000100101100
0010000100001100
0010000010101000
0010000010001000
0010000000000100
0001111110000000
0001111100011100
0001111011111100
0001111001111000
0001110111010100
0001110100010000
0001110101010000
0001111001011000
0001111100011100
0001111011111100
0001111010111100
0001111010011000
0001110100110000
0001110111010100
0001111001111000
0001110111110100
0001110100110000
0001110000001000
0001110001101000
0001110101110000
0001110100110000
0001110101110000
0001110011001100
0001101111100100
0001101110000100
0001101101100100
0001101100100000
0001101110000100
0001101101000000
0001101010011100
0001101010011100
0001100100110100
0001100010001100
0001100100010000
0001100110010100
0001101000011000
0001101000111000
0001100101010100
0001100100110100
0001100111111000
0001100111011000
0001100110010100
0001101000011000
0001100111111000
0001100001101100
0001100010001100
0001100101010100
0001101001011100
0001100111111000
0001100111011000
0001100110111000
0001100111111000
0001100001101100
0001100001101100
0001100001101100
0001100001101100
0001100001101100
0001100000101100
0001011101100100
0001011100100100
0001011000111100
0001010111111100
0001011010000000
0001011011000000
0001011000111100
0001010110111000
0001010101011000
0001010101111000
0001010111011100
0001010111011100
0001010111111100
0001011001011100
0001010111111100
0001010010110000
0001010001110000
0001010011010100
0001010100010100
0001010111011100
0001010110111000
0001010100110100
0001010010010000
0001010000001100
0001010101011000
0001011001011100
0001010011010100
0001010001110000
0001001100101000
0001001011000100
0001001100000100
0001001111001100
0001001111101100
0001010000001100
0001001100000100
0001001001100000
0001001010100100
0001001000000000
0001000101111100
0001001001100000
0001001011100100
0001001101001000
0001001100000100
0001000111011100
0001000010010100
0001000000110000
0001000000010000
0000111111110000
0001000011111000
0001000110011100
0001000011111000
0000111111110000
0000111101001100
0000111110101100
0000111110001100
0000111100001000
0000111011101000
0000111110001100
0000111100101000
0000111100101000
0000111100101000
0000111100001000
0000111011001000
0000111100001000
0000111011001000
0000111101001100
0000111101101100
0000111011001000
0000111011101000
0000111000000000
0000110111000000
0000111000100100
0000111001100100
0000111100101000
0000111100001000
0000111001000100
0000110011111000
0000110011011000
0000110110100000
0000111000000000
0000111101001100
0000111101101100
0000111010100100
0000111010100100
0000111011001000
0000111100001000
0000111001100100
0000110110100000
0000111000100100
0000111101001100
0000111000000000
0000110100011100
0000101101110000
0000101100101100
0000101110110000
0000110000010100
0000101111110100
0000101101001100
0000101001101000
0000101010001000
0000110001010100
0000110100011100
0000110011111000
0000110001010100
0000101110010000
0000101111010000
0000110010111000
0000110011011000
0000101111010000
0000101011101100
0000101000100100
0000100101100000
0000101011101100
0000101111010000
0000101011101100
0000101001101000
0000101000100100
0000101010001000
0000101001001000
0000100110100000
0000101010101000
0000110001110100
0000110000010100
0000101110010000
0000100111000100
0000100011111100
0000100110000000
0000101100101100
0000101101110000
0000101011101100
0000101001001000
0000100110000000
0000100110100000
0000101000000100
0000101000100100
0000101010001000
0000101001001000
0000100101100000
0000100011011100
0000100010011100
0000100101100000
0000101011101100
0000101110110000
0000101010001000
0000101011001000
0000101101001100
0000101010001000
0000101001101000
0000101000000100
0000100111100100
0000100110000000
0000100110100000
0000101001001000
0000101010001000
0000100011111100
0000100011111100
0000100100011100
0000100110000000
0000100110100000
0000100111000100
0000100011011100
0000100001111000
0000100000011000
0000011011001100
0000011010001100
0000011011101100
0000011100010000
0000011110010100
0000011111010100
0000011101110000
0000011101110000
0000011110010100
0000100000111000
0000100011111100
0000100010011100
0000011110010100
0000100000011000
0000100000011000
0000011011001100
0000011001101100
0000011010101100
0000011110010100
0000011111010100
0000011101110000
0000011111110100
0000100101000000
0000100001111000
0000100001011000
0000011111010100
0000011101010000
0000011100010000
0000011100110000
0000011010001100
0000011011101100
0000011011001100
0000011011001100
0000011111110100
0000011110110100
0000011011001100
0000011001001000
0000010111101000
0000010111000100
0000010101100100
0000010101100100
0000010110100100
0000011011001100
0000011110110100
0000011100010000
0000011110010100
0000011110010100
0000011001001000
0000010111000100
0000010110000100
0000010111101000
0000010111101000
0000010111101000
0000011000101000
0000011010001100
0000010101000000
0000010001111100
0000001101010100
0000001110010100
0000010011000000
0000010110100100
0000010011000000
0000010001011100
0000010000111100
0000001111111000
0000010001011100
0000010001011100
0000010001011100
0000010001011100
0000010001011100
0000010010011100
0000010100100000
0000010000111100
0000010000011000
0000010011100000
0000010011000000
0000010010011100
0000010110100100
0000011001001000
0000010110100100
0000010011100000
0000010011100000
0000010100000000
0000010101000000
0000010010011100
0000001111111000
0000010000011000
0000001110010100
0000010000111100
0000001110111000
0000001100110100
0000001100010000
0000001111011000
0000001111111000
0000010001111100
0000010011000000
0000010001011100
0000010001011100
0000010000011000
0000001101010100
0000001101010100
0000001100110100
0000001100110100
0000010000111100
0000001110111000
0000001101010100
0000001101110100
0000001101110100
0000001001001100
0000001001001100
0000001001001100
0000001010010000
0000001101110100
0000001111011000
0000001110111000
0000001101110100
0000001111011000
0000010000111100
0000010100000000
0000001111011000
0000001111011000
0000001111111000
0000010000111100
0000001101110100
0000001001001100
0000001001001100
0000001010110000
0000001110111000
0000001100110100
0000001011110000
0000001101010100
0000001101110100
0000001101110100
0000001000001100
0000000101100100
0000000111001000
0000000110101000
0000000101000100
0000000110001000
0000001000101100
0000000111101000
0000001010010000
0000001100010000
0000001010110000
0000001111111000
0000010011100000
0000011001001000
0000010110000100
0000010000011000
0000001110010100
0000001111111000
0000001011110000
0000001100110100
0000001010110000
0000001001101100
0000001011110000
0000001100110100
0000001010110000
0000001001101100
0000001010010000
0000000111001000
0000000111001000
0000000111101000
0000001001101100
0000001010110000
0000001000001100
0000000100100100
0000000011000000
0000000010100000
0000000010000000
0000000110101000
0000001010110000
0000001000101100
0000000111101000
0000000111101000
0000000011000000
0000000011000000
0000000100000100
0000000111001000
0000000111001000
0000000111001000
0000000111101000
0000001001001100
0000001011010000
0000010000111100
0000001110010100
0000001010010000
0000000111101000
0000001000101100
0000000111001000
0000000111001000
0000000110101000
0000000101000100
0000000101000100
0000000101000100
0000000101000100
0000000101000100
0000000100100100
0000000011000000
0000000011000000
0000000011000000
0000000100000100
0000000111101000
0000001000001100
0000000101100100
0000001001001100
0000001110111000
0000001110010100
0000010000011000
0000001101010100
0000001100010000
0000001000101100
0000000111001000
0000001001001100
0000001110010100
0000001100010000
0000001110010100
0000001011010000
0000001001101100
0000000100100100
0000000010100000
0000000000111100
0000000000111100
0000000001100000
0000000100000100
0000000111101000
0000001000001100
0000000101000100
0000000100100100
0000000100000100
0000000111101000
0000001001001100
0000001001101100
0000001100010000
0000001111111000
0000001110111000
0000000110101000
0000000101100100
0000000110101000
0000000101000100
0000000101000100
0000000101100100
0000000111001000
0000000110101000
0000000101100100
0000000111101000
0000001000001100
0000000101100100
0000000110001000
0000000011000000
0000000011100100
0000000110001000
0000001000101100
0000000111001000
0000000111101000
0000001001001100
0000001001001100
0000001000101100
0000000110001000
0000000010000000
1111111110111100
1111111110111100
0000000000011100
0000000101100100
0000000111001000
0000000111101000
0000001001001100
0000000111101000
0000000010100000
0000000010100000
0000000110001000
0000000100000100
0000000111101000
0000001001001100
0000000111101000
0000000010000000
1111111111100000
0000000010100000
0000000111001000
0000001000001100
0000001010010000
0000000101100100
0000000000011100
1111111110111100
1111111110011100
1111111101111100
0000000010000000
0000000100100100
0000000011100100
0000000101000100
0000000101000100
0000000101000100
0000000101000100
0000000100100100
0000000100000100
0000000111001000
0000000111001000
0000000110101000
0000000101000100
0000000011100100
1111111111100000
0000000010100000
0000000111001000
0000000111001000
0000000110101000
0000000100100100
0000000001100000
1111111011011000
1111110111010000
1111111011011000
0000000010100000
0000000010000000
0000000100100100
0000000011000000
0000000010000000
1111111111100000
0000000000000000
1111111100111000
1111111101011100
1111111110111100
0000000000011100
0000000100100100
0000000011000000
0000000010000000
0000000000000000
0000000100000100
0000000111001000
0000000110001000
0000000001100000
1111111100111000
1111111100011000
1111111000110100
1111110011101000
1111111000010000
1111111101011100
0000000000000000
0000000011100100
0000000101000100
0000000100000100
0000000000000000
1111111100111000
1111111101111100
0000000000111100
0000000001100000
0000000010000000
1111111101111100
1111111010111000
1111111011111000
1111111111100000
0000000010000000
0000000101100100
0000000101100100
0000000001100000
0000000011100100
0000000100000100
0000000000000000
1111111100011000
1111111010111000
1111111011111000
0000000000000000
0000000011100100
0000000110001000
0000001000101100
0000000101000100
1111111110011100
1111111101111100
0000000000011100
1111111111100000
0000000000111100
0000000000111100
0000000000000000
1111111011111000
1111111001010100
1111111100111000
0000000011000000
0000000100000100
0000000110101000
0000000100100100
0000000011000000
0000000011100100
0000000100000100
0000000000111100
0000000000011100
1111111101111100
1111111011011000
1111111100011000
1111111010010100
1111111000110100
1111111001010100
1111111011011000
1111111110011100
0000000011000000
0000000010100000
0000000000111100
0000000010000000
0000000011100100
1111111111100000
0000000001100000
0000000010000000
1111111110011100
1111111100111000
1111111101011100
1111111110111100
1111111110011100
1111111101111100
0000000010100000
0000000110001000
0000000100000100