0000111110011000
0000111110011100
0000111110100000
0000111110100100
0000111110101000
0000111110101100
0000111110110000
0000111110110100
0000111110111000
0000111110111100
0000111111000000
0000111111000100
0000111111001000
0000111111001100
0000111111010000
0000111111010100
0000111111011000
0000111111011100
0000111111100000
0000111111100100
0000111111101000
0000111111101100
0000111111110000
0000111111110100
0000111111111000
0000111111111100
0001000000000000
0001000000000100
0001000000001000
0001000000001100
0001000000010000
0001000000010100
0001000000011000
0001000000011100
0001000000100000
0001000000100100
0001000000101000
0001000000101100
0001000000110000
0001000000110100
0001000000111000
0001000000111100
0001000001000000
0001000001000100
0001000001001000
0001000001001100
0001000001010000
0001000001010100
0001000001010100
0001000001010000
0001000001001100
0001000001001000
0001000001000100
0001000001000000
0001000000111100
0001000000111000
0001000000110100
0001000000110000
0001000000101100
0001000000101000
0001000000100100
0001000000100000
0001000000011100
0001000000011000
0001000000010100
0001000000010000
0001000000001100
0001000000001000
0001000000000100
0001000000000000
0000111111111100
0000111111111000
0000111111110100
0000111111110000
0000111111101100
0000111111101000
0000111111100100
0000111111100000
0000111111011100
0000111111011000
0001000001010100
0001000001011000
0001000001011100
0001000001100000
0001000001100100
0001000001101000
0001000001101100
0001000001110000
0001000001110100
0001000001111000
0001000001111100
0001000010000000
0001000010000100
0001000010001000
0001000010001100
0001000010010000
0001000010010100
0001000010011000
0001000010011100
0001000010100000
0001000010100100
0001000010101000
0001000010101100
0001000010110000
0001000010110100
0001000010111000
0001000010111100
0001000011000000
0001000011000100
0001000011001000
0001000011001100
0001000011010000
0001000011010100
0001000011011000
0001000011011100
0001000011100000
0001000011100100
0001000011101000
0001000011101100
0001000011110000